annee_election;code_commune;bloc_centre;bloc_droite;bloc_droite_radicale;bloc_gauche;bloc_gauche_radicale;bloc_souverainiste_autres
2012;69001;13.302752293577983;31.19266055045872;27.981651376146786;18.34862385321101;2.7522935779816518;6.422018348623854
2012;69002;15.909090909090908;33.52272727272727;34.659090909090914;13.068181818181818;1.7045454545454544;1.1363636363636365
2012;69003;10.567210567210568;35.81973581973582;16.783216783216783;33.022533022533025;1.6317016317016315;2.1756021756021755
2012;69004;9.749303621169917;31.75487465181058;22.284122562674096;30.919220055710305;2.2284122562674096;3.064066852367688
2012;69005;6.865671641791045;35.223880597014926;31.94029850746269;21.492537313432834;0.8955223880597015;3.582089552238806
2012;69006;11.3612746795982;29.754069968825767;24.073432629026673;30.27364045722203;2.009005888465535;2.5285763768617944
2012;69007;10.346964064436182;31.474597273853778;23.79182156133829;30.297397769516728;1.3630731102850062;2.7261462205700124
2012;69008;11.704834605597965;35.6234096692112;19.083969465648856;31.043256997455472;0.5089058524173028;2.035623409669211
2012;69009;10.88757396449704;31.568047337278106;16.923076923076923;37.15976331360947;1.242603550295858;2.2189349112426036
2012;69010;12.664315485732608;24.943892273164476;15.293363257454311;43.02661109329913;1.2504007694773966;2.8214171208720744
2012;69012;9.701492537313433;34.32835820895522;19.154228855721392;32.08955223880597;0.9950248756218906;3.731343283582089
2012;69013;10.914603335017686;33.046993431025776;22.536634663971704;30.77311773623042;1.0611419909044972;1.667508842849924
2012;69014;13.670133729569093;29.271916790490344;17.682020802377416;32.986627043090635;2.2288261515601784;4.160475482912332
2012;69015;10.714285714285714;36.904761904761905;11.904761904761903;34.523809523809526;3.571428571428571;2.380952380952381
2012;69016;20.388349514563107;41.74757281553398;20.388349514563107;14.563106796116504;0.9708737864077669;1.9417475728155338
2012;69017;8.050847457627118;27.54237288135593;21.610169491525426;38.983050847457626;1.9067796610169492;1.9067796610169492
2012;69018;9.799789251844047;35.51106427818757;23.28767123287671;26.55426765015806;1.7913593256059008;3.0558482613277134
2012;69019;9.306987399770906;29.266895761741125;22.995418098510882;34.47880870561283;2.004581901489118;1.9473081328751431
2012;69020;12.128712871287128;26.237623762376238;18.81188118811881;38.86138613861386;1.2376237623762376;2.722772277227723
2012;69021;11.645379413974455;30.277986476333584;16.528925619834713;36.96468820435763;1.8782870022539442;2.70473328324568
2012;69022;12.5;37.83783783783784;18.58108108108108;26.68918918918919;2.027027027027027;2.364864864864865
2012;69023;12.616822429906541;38.31775700934579;26.635514018691588;19.39252336448598;1.1682242990654206;1.8691588785046727
2012;69024;11.90644932671864;32.03401842664777;16.017009213323885;36.28632175761871;1.4174344436569808;2.3387668320340187
2012;69025;10.3397341211226;27.326440177252586;23.63367799113737;34.34268833087149;1.7725258493353029;2.58493353028065
2012;69026;16.176470588235293;36.029411764705884;19.485294117647058;23.897058823529413;1.8382352941176472;2.5735294117647056
2012;69027;12.051822838204277;31.60590539319072;14.05543838505574;38.35492618258512;1.4914130762277793;2.4404941247363663
2012;69028;12.853841709994224;36.48180242634315;16.175621028307337;30.791450028885038;1.3287117273252456;2.368573079145003
2012;69029;9.423307284239348;26.393246249500883;15.657977297358963;45.314015173121895;1.2948491244081912;1.9166048713707147
2012;69030;10.305343511450381;38.3587786259542;18.3206106870229;28.435114503816795;1.5267175572519083;3.0534351145038165
2012;69031;12.425149700598801;29.191616766467064;22.15568862275449;30.988023952095805;2.095808383233533;3.143712574850299
2012;69032;11.22778675282714;35.70274636510501;19.789983844911145;30.61389337641357;0.8885298869143781;1.7770597738287561
2012;69033;11.6729088639201;42.50936329588015;13.420724094881397;29.837702871410738;0.6242197253433208;1.9350811485642945
2012;69034;11.279872999528038;36.727163513107655;11.271291886557687;37.77405929549062;1.081220234264384;1.8663920710516153
2012;69035;17.073170731707318;27.64227642276423;17.073170731707318;34.552845528455286;1.6260162601626018;2.0325203252032518
2012;69036;10.110584518167457;29.067930489731435;28.12006319115324;28.593996840442337;2.211690363349131;1.8957345971563981
2012;69037;10.893246187363834;29.193899782135073;23.093681917211327;31.590413943355124;2.3965141612200433;2.832244008714597
2012;69038;9.861932938856016;32.544378698224854;21.893491124260358;29.78303747534517;2.1696252465483234;3.7475345167652856
2012;69039;13.138686131386862;31.143552311435524;18.004866180048662;34.54987834549878;1.2165450121654502;1.9464720194647203
2012;69040;10.546378653113088;41.26429479034307;14.612452350698856;30.1143583227446;1.1118170266836087;2.3506988564167726
2012;69041;8.484848484848486;32.121212121212125;30.909090909090907;25.454545454545453;0.0;3.0303030303030303
2012;69042;12.154696132596685;35.0828729281768;20.718232044198896;26.795580110497237;1.3812154696132597;3.867403314917127
2012;69043;13.146176185866409;37.986447241045504;11.539206195546951;34.24975798644724;0.85188770571152;2.2265246853823815
2012;69044;10.49806143751864;56.36743215031316;9.245451834178347;21.32418729495974;0.44736057262153295;2.1175067104085894
2012;69045;9.193776520509193;32.814710042432814;25.601131541725604;29.13719943422914;0.5657708628005658;2.6874115983026874
2012;69046;13.055003313452618;39.99337309476474;12.65738899933731;31.312127236580515;0.5964214711729622;2.3856858846918487
2012;69047;13.299663299663301;34.68013468013468;15.824915824915825;33.670033670033675;0.5050505050505051;2.0202020202020203
2012;69048;9.511568123393316;28.406169665809767;21.85089974293059;36.50385604113111;1.1568123393316194;2.570694087403599
2012;69049;12.238979118329468;42.86542923433875;12.935034802784223;29.23433874709977;0.7540603248259861;1.9721577726218096
2012;69050;10.567210567210568;32.556332556332556;16.783216783216783;34.80963480963481;1.8648018648018647;3.418803418803419
2012;69051;13.16931982633864;29.088277858176554;16.063675832127352;37.04775687409551;2.170767004341534;2.460202604920405
2012;69052;11.859838274932615;37.46630727762803;13.785136696187909;33.269156719291495;1.1936850211782826;2.4258760107816713
2012;69053;14.02439024390244;30.182926829268293;19.51219512195122;32.926829268292686;0.9146341463414633;2.4390243902439024
2012;69054;12.184873949579831;38.655462184873954;23.52941176470588;22.268907563025213;1.2605042016806722;2.100840336134454
2012;69055;11.889862327909889;38.04755944931164;20.90112640801001;25.406758448060074;1.0012515644555695;2.753441802252816
2012;69056;10.675808031341822;31.537708129285015;17.92360430950049;35.25954946131244;1.4691478942213516;3.1341821743388834
2012;69057;10.451977401129943;33.89830508474576;15.819209039548024;36.72316384180791;1.4124293785310735;1.694915254237288
2012;69058;11.328125;33.59375;15.625;33.59375;2.734375;3.125
2012;69059;12.729357798165136;38.646788990825684;16.743119266055047;27.866972477064223;1.261467889908257;2.7522935779816518
2012;69060;11.219512195121952;35.36585365853659;24.634146341463413;24.878048780487806;2.4390243902439024;1.4634146341463417
2012;69061;8.050847457627118;38.559322033898304;20.62146892655367;29.09604519774011;0.7062146892655368;2.9661016949152543
2012;69062;18.687872763419485;34.39363817097416;16.10337972166998;25.24850894632207;1.9880715705765408;3.5785288270377733
2012;69063;12.678855325914148;50.794912559618446;9.10174880763116;24.80127186009539;0.6756756756756757;1.9475357710651828
2012;69064;8.944628490298154;27.543776620918127;16.043539990534786;43.587316611452906;1.8457169900615238;2.0350212967345005
2012;69065;8.461538461538462;30.384615384615383;33.26923076923077;23.46153846153846;1.9230769230769231;2.5
2012;69066;9.567496723460026;29.838357361293138;23.46002621231979;31.804281345565748;2.0969855832241153;3.2328527741371778
2012;69067;12.005457025920874;33.83356070941337;21.00954979536153;28.922237380627557;1.9099590723055935;2.3192360163710775
2012;69068;9.784172661870503;31.58273381294964;14.172661870503598;41.58273381294964;1.3669064748201438;1.5107913669064748
2012;69069;12.463718627283592;34.71060269762677;14.700358545330374;34.130100734164245;1.1951511012463718;2.800068294348643
2012;69070;9.801324503311259;28.874172185430464;28.741721854304636;27.947019867549667;1.456953642384106;3.1788079470198674
2012;69071;11.128526645768025;38.24451410658307;14.263322884012538;32.9153605015674;0.6269592476489028;2.8213166144200628
2012;69072;12.052551408987053;44.345011424219344;11.386138613861387;29.7981721249048;0.7425742574257426;1.6755521706016754
2012;69073;13.069908814589665;39.209726443769;21.580547112462007;24.316109422492403;0.911854103343465;0.911854103343465
2012;69074;10.108695652173912;38.26086956521739;17.282608695652176;31.521739130434785;1.1956521739130435;1.6304347826086956
2012;69075;17.59259259259259;30.555555555555557;28.703703703703702;19.444444444444446;0.0;3.7037037037037033
2012;69076;11.777655476059438;48.15630159603742;13.703907539900936;24.105668684645018;0.7705008255365988;1.4859658778205835
2012;69077;7.011070110701106;33.579335793357934;34.686346863468636;20.29520295202952;1.4760147601476015;2.952029520295203
2012;69078;11.324786324786325;36.11111111111111;21.367521367521366;25.213675213675213;1.0683760683760684;4.914529914529915
2012;69080;9.958932238193018;28.131416837782343;25.051334702258725;32.85420944558521;1.2320328542094456;2.772073921971253
2012;69081;11.279129984464008;48.43086483687209;10.512687726566545;27.42620403935784;0.5903676851372346;1.7607457276022784
2012;69082;9.815950920245399;48.466257668711656;19.018404907975462;18.404907975460123;0.6134969325153374;3.6809815950920246
2012;69083;12.97071129707113;31.938633193863318;12.412831241283124;37.517433751743376;1.6736401673640167;3.486750348675035
2012;69084;10.09501187648456;36.69833729216152;24.94061757719715;23.75296912114014;2.375296912114014;2.137767220902613
2012;69085;12.0;42.11764705882353;13.647058823529413;29.294117647058826;1.1764705882352942;1.7647058823529411
2012;69086;12.898936170212766;33.31117021276596;15.35904255319149;35.1063829787234;0.9973404255319149;2.327127659574468
2012;69087;12.424409015942826;40.13194062671798;10.940076965365586;33.69983507421661;0.9345794392523363;1.8691588785046727
2012;69088;10.725462304409673;35.049786628734;14.679943100995732;35.98862019914652;1.0810810810810811;2.4751066856330013
2012;69089;12.657894736842104;33.48684210526316;12.210526315789473;39.06578947368421;0.9605263157894737;1.618421052631579
2012;69090;13.518886679920477;30.61630218687873;20.87475149105368;33.00198807157058;0.9940357852882704;0.9940357852882704
2012;69091;5.609259730348512;14.46196896464004;19.091834138895955;57.542610022894934;1.8061561943525821;1.4881709488679724
2012;69092;10.694806734645484;31.444154612283615;18.923405264405975;34.977472136589995;1.4228124258951862;2.5373488261797488
2012;69093;9.327217125382264;32.415902140672785;20.948012232415902;31.95718654434251;3.058103975535168;2.293577981651376
2012;69094;13.816425120772946;34.39613526570049;16.77938808373591;31.46537842190016;0.9017713365539453;2.640901771336554
2012;69095;14.728682170542637;32.945736434108525;18.217054263565892;27.131782945736433;2.3255813953488373;4.651162790697675
2012;69096;7.634457611668186;17.82133090246126;20.12306289881495;50.45578851412944;2.187784867821331;1.7775752051048315
2012;69097;7.000000000000001;22.0;28.999999999999996;39.4;1.4000000000000001;1.2
2012;69098;7.984790874524715;28.13688212927757;30.038022813688215;28.517110266159694;1.520912547528517;3.802281368821293
2012;69099;11.69950738916256;26.84729064039409;24.014778325123153;31.403940886699505;2.586206896551724;3.4482758620689653
2012;69100;11.894273127753303;26.231477773327995;18.12174609531438;39.827793352022425;1.682018422106528;2.2426912294753705
2012;69101;9.927360774818402;32.445520581113804;15.49636803874092;37.04600484261501;1.937046004842615;3.14769975786925
2012;69102;12.5;26.225490196078432;23.774509803921568;33.82352941176471;1.715686274509804;1.9607843137254901
2012;69103;14.052287581699346;32.02614379084967;20.751633986928105;29.575163398692812;0.8169934640522877;2.7777777777777777
2012;69104;8.880308880308881;28.57142857142857;26.640926640926644;30.115830115830118;3.088803088803089;2.7027027027027026
2012;69105;10.194174757281553;38.349514563106794;17.475728155339805;30.097087378640776;1.779935275080906;2.103559870550162
2012;69106;9.748427672955975;39.308176100628934;21.069182389937108;26.257861635220124;1.257861635220126;2.358490566037736
2012;69107;11.292962356792144;29.132569558101473;21.931260229132572;33.387888707037646;2.2913256955810146;1.9639934533551555
2012;69108;10.159362549800797;30.47808764940239;22.111553784860558;31.47410358565737;3.386454183266932;2.3904382470119523
2012;69109;12.103174603174603;33.730158730158735;26.38888888888889;22.61904761904762;2.1825396825396823;2.976190476190476
2012;69110;11.838790931989925;37.27959697732997;20.23509655751469;22.921914357682617;1.5113350125944585;6.2132661628883294
2012;69111;12.702702702702704;31.08108108108108;15.135135135135137;36.486486486486484;2.4324324324324325;2.1621621621621623
2012;69112;12.703488372093021;37.645348837209305;15.377906976744185;31.33720930232558;0.7558139534883721;2.1802325581395348
2012;69113;16.735537190082646;26.65289256198347;17.768595041322314;34.090909090909086;2.066115702479339;2.6859504132231407
2012;69114;9.46643717728055;37.607573149741825;24.010327022375215;24.69879518072289;1.7211703958691909;2.495697074010327
2012;69115;10.877862595419847;34.35114503816794;19.045801526717558;32.44274809160305;1.2213740458015268;2.0610687022900764
2012;69116;12.195121951219512;51.07317073170732;12.24390243902439;21.902439024390244;0.7317073170731708;1.8536585365853657
2012;69117;14.265267175572518;43.27290076335878;14.980916030534353;24.52290076335878;0.9541984732824428;2.0038167938931295
2012;69118;8.586883029073698;29.9526707234618;25.15212981744422;32.11629479377958;1.8255578093306288;2.366463826910074
2012;69119;9.121621621621621;23.14189189189189;29.56081081081081;32.263513513513516;3.040540540540541;2.871621621621622
2012;69120;11.497326203208557;31.550802139037433;23.262032085561497;26.737967914438503;2.406417112299465;4.545454545454546
2012;69121;13.070539419087138;35.26970954356847;18.188105117565698;29.59889349930844;1.1756569847856155;2.6970954356846475
2012;69122;9.484346224677715;43.92265193370166;18.87661141804788;24.585635359116022;1.0128913443830572;2.117863720073665
2012;69123;10.655737704918032;30.54158304881545;9.868209578913532;46.16791333281208;1.1558810498058327;1.6106752847350727
2012;69124;9.15032679738562;25.163398692810457;23.52941176470588;36.27450980392157;1.9607843137254901;3.9215686274509802
2012;69125;12.440191387559809;40.98883572567783;16.586921850079744;26.6347687400319;1.1164274322169059;2.2328548644338118
2012;69126;9.282700421940929;47.04641350210971;16.033755274261605;24.050632911392405;0.6329113924050633;2.9535864978902953
2012;69127;12.258737610850288;35.41992696922274;14.188836724047993;35.159102764736566;0.8868022952529996;2.0865936358894106
2012;69128;7.323943661971831;34.08450704225352;21.408450704225352;32.3943661971831;2.8169014084507045;1.971830985915493
2012;69129;11.363636363636363;35.858585858585855;24.494949494949495;23.98989898989899;1.5151515151515151;2.7777777777777777
2012;69130;13.245033112582782;29.13907284768212;19.205298013245034;30.4635761589404;3.9735099337748347;3.9735099337748347
2012;69131;12.584053794428435;34.77425552353506;18.876080691642652;29.346781940441886;1.585014409221902;2.8338136407300674
2012;69132;13.157894736842104;33.80566801619433;25.303643724696357;22.267206477732792;2.834008097165992;2.631578947368421
2012;69133;12.326530612244897;36.44897959183673;14.408163265306124;33.30612244897959;1.1020408163265307;2.4081632653061225
2012;69134;18.055555555555554;32.63888888888889;13.88888888888889;30.555555555555557;0.6944444444444444;4.166666666666666
2012;69135;12.761506276150628;21.338912133891213;26.359832635983267;34.93723849372385;2.092050209205021;2.510460251046025
2012;69136;9.114583333333332;34.24479166666667;21.484375;31.380208333333332;1.5625;2.213541666666667
2012;69137;15.492957746478872;27.699530516431924;17.370892018779344;35.2112676056338;0.9389671361502347;3.286384976525822
2012;69138;10.408921933085502;31.970260223048324;13.382899628252787;39.405204460966544;0.7434944237918215;4.089219330855019
2012;69139;13.964497041420119;23.550295857988164;25.207100591715975;33.01775147928994;2.0118343195266273;2.2485207100591715
2012;69140;13.540856031128405;36.65369649805447;18.59922178988327;27.54863813229572;0.5447470817120622;3.11284046692607
2012;69141;11.563845050215207;30.329985652797703;15.208034433285508;39.56958393113343;1.291248206599713;2.0373027259684364
2012;69142;8.905613044841642;30.103480714957666;14.769520225776105;42.740671056757606;1.5365318281592977;1.9441831295076828
2012;69143;9.262920079073709;29.48319683705168;15.391132448460887;41.57017791584298;1.835639649816436;2.4569330697543066
2012;69144;14.222222222222221;29.333333333333332;19.555555555555557;32.666666666666664;1.3333333333333335;2.888888888888889
2012;69145;14.644351464435147;33.054393305439326;21.75732217573222;27.405857740585777;1.2552301255230125;1.882845188284519
2012;69146;12.24944320712695;36.525612472160354;18.93095768374165;27.39420935412027;2.2271714922048997;2.6726057906458798
2012;69147;13.761467889908257;31.55963302752294;19.816513761467892;30.275229357798167;1.651376146788991;2.9357798165137616
2012;69148;12.202166064981949;33.79061371841155;15.306859205776174;34.44043321299639;1.5884476534296028;2.6714801444043323
2012;69149;9.570135746606335;25.13574660633484;15.279034690799397;46.68174962292609;1.5007541478129713;1.8325791855203621
2012;69150;19.90950226244344;32.57918552036199;17.647058823529413;24.43438914027149;0.904977375565611;4.524886877828054
2012;69151;10.583941605839415;30.170316301703163;29.075425790754256;25.42579075425791;1.70316301703163;3.0413625304136254
2012;69152;7.591564927857935;18.268590455049942;16.847946725860155;53.4739178690344;1.8645948945615984;1.95338512763596
2012;69153;13.80952380952381;39.04761904761905;11.587301587301587;32.38095238095238;1.1111111111111112;2.0634920634920633
2012;69154;13.21266968325792;39.90950226244344;14.570135746606336;28.32579185520362;1.2669683257918551;2.7149321266968327
2012;69155;16.546762589928058;31.798561151079134;15.251798561151078;28.201438848920862;1.870503597122302;6.330935251798561
2012;69156;14.446653412856197;42.21338634857521;13.386348575215374;27.037773359840955;1.126573889993373;1.7892644135188867
2012;69157;11.614173228346457;31.43044619422572;22.244094488188974;29.396325459317584;1.246719160104987;4.0682414698162725
2012;69158;7.829181494661921;27.402135231316727;30.96085409252669;27.046263345195733;2.8469750889679712;3.9145907473309607
2012;69159;11.627906976744185;35.062611806797854;20.39355992844365;30.05366726296959;1.2522361359570662;1.6100178890876566
2012;69160;11.773700305810397;36.850152905198776;20.642201834862387;26.146788990825687;1.0703363914373087;3.5168195718654434
2012;69161;8.360128617363344;35.048231511254016;31.189710610932476;20.578778135048232;1.2861736334405145;3.536977491961415
2012;69162;15.764139590854393;35.13838748495788;20.216606498194945;21.780986762936223;2.406738868832732;4.693140794223827
2012;69163;11.563517915309445;32.08469055374593;20.738327904451683;31.487513572204122;1.8458197611292075;2.2801302931596092
2012;69164;10.714285714285714;33.92857142857143;24.107142857142858;28.57142857142857;1.7857142857142856;0.8928571428571428
2012;69165;9.256661991584853;36.325385694249654;21.31837307152875;28.611500701262273;2.1037868162692845;2.3842917251051894
2012;69166;12.068965517241379;23.563218390804597;15.517241379310345;45.40229885057471;1.7241379310344827;1.7241379310344827
2012;69167;10.16949152542373;33.33333333333333;23.163841807909606;29.943502824858758;0.847457627118644;2.5423728813559325
2012;69168;13.202614379084968;39.08496732026144;15.42483660130719;29.80392156862745;1.3071895424836601;1.1764705882352942
2012;69169;12.471655328798185;32.426303854875286;29.47845804988662;21.768707482993197;1.8140589569160999;2.0408163265306123
2012;69170;12.849162011173185;30.8659217877095;23.60335195530726;30.027932960893857;0.41899441340782123;2.2346368715083798
2012;69171;10.53446940356313;24.786986831913246;18.048024786986833;41.8280402788536;1.6266460108443066;3.1758326878388843
2012;69172;14.82213438735178;29.841897233201582;25.296442687747035;26.284584980237153;0.9881422924901186;2.766798418972332
2012;69173;12.60647359454855;37.30834752981261;18.909710391822827;25.2129471890971;1.362862010221465;4.599659284497445
2012;69174;16.71388101983003;28.328611898016998;24.645892351274785;26.062322946175637;1.13314447592068;3.1161473087818696
2012;69175;13.946117274167987;32.88431061806656;17.35340729001585;29.952456418383516;1.5847860538827259;4.27892234548336
2012;69176;12.427745664739884;34.145334434351774;15.937241948802642;34.02146985962015;1.3625103220478945;2.1056977704376547
2012;69177;12.217898832684824;28.01556420233463;18.21011673151751;37.5875486381323;1.4785992217898831;2.490272373540856
2012;69178;10.666666666666668;27.333333333333332;27.77777777777778;29.333333333333332;2.2222222222222223;2.666666666666667
2012;69179;10.714285714285714;27.55102040816326;16.632653061224488;40.40816326530612;2.2448979591836733;2.4489795918367347
2012;69180;7.0588235294117645;37.64705882352941;18.823529411764707;30.58823529411765;2.3529411764705883;3.5294117647058822
2012;69181;12.844036697247708;21.100917431192663;25.688073394495415;38.53211009174312;1.834862385321101;0.0
2012;69182;11.673151750972762;34.63035019455253;35.019455252918284;16.731517509727624;1.1673151750972763;0.7782101167315175
2012;69183;16.019417475728158;37.86407766990291;21.35922330097087;21.844660194174757;0.48543689320388345;2.4271844660194173
2012;69184;13.91304347826087;31.30434782608696;20.695652173913043;29.043478260869566;2.608695652173913;2.4347826086956523
2012;69185;8.227848101265822;32.91139240506329;31.0126582278481;25.949367088607595;0.6329113924050633;1.2658227848101267
2012;69186;11.03896103896104;37.66233766233766;24.675324675324674;17.532467532467532;5.194805194805195;3.896103896103896
2012;69187;8.488063660477453;33.15649867374005;15.119363395225463;37.40053050397878;2.9177718832891246;2.9177718832891246
2012;69188;9.798994974874372;32.41206030150754;24.120603015075375;30.402010050251256;1.256281407035176;2.0100502512562812
2012;69189;9.680365296803654;33.242009132420094;17.534246575342465;35.25114155251142;1.9178082191780823;2.374429223744292
2012;69190;13.984374999999998;36.328125;15.078125;31.171875;0.625;2.8125
2012;69191;10.79136690647482;53.45877144438296;10.348644161593802;22.855561704482568;0.857775318206973;1.6878804648588823
2012;69192;14.444444444444443;25.555555555555554;16.666666666666664;37.77777777777778;0.0;5.555555555555555
2012;69193;9.880952380952381;36.666666666666664;17.142857142857142;32.38095238095238;1.0714285714285714;2.857142857142857
2012;69194;11.723514795572623;57.420374971764176;7.906031172351479;21.188163541901968;0.5421278518183872;1.2197876665913712
2012;69195;9.346991037131883;34.05889884763124;20.23047375160051;30.089628681177977;1.1523687580025608;5.121638924455826
2012;69196;16.338028169014084;27.887323943661972;27.042253521126757;23.943661971830984;2.2535211267605635;2.535211267605634
2012;69197;9.965635738831615;34.106529209621996;26.54639175257732;24.914089347079038;1.4604810996563573;3.006872852233677
2012;69198;12.035010940919037;30.196936542669583;28.88402625820569;23.63238512035011;1.9693654266958425;3.282275711159737
2012;69199;4.84620886981402;15.861945636623748;17.06008583690987;58.798283261802574;2.0565092989985696;1.376967095851216
2012;69200;13.19796954314721;36.54822335025381;25.78680203045685;21.116751269035532;1.116751269035533;2.233502538071066
2012;69201;10.339943342776204;30.73654390934844;23.937677053824363;31.01983002832861;1.8413597733711047;2.1246458923512748
2012;69202;12.549323017408124;40.208897485493225;10.684719535783366;33.640232108317214;0.9361702127659575;1.980657640232108
2012;69203;11.147011308562197;24.717285945072696;22.778675282714055;34.41033925686591;3.877221324717286;3.0694668820678515
2012;69204;11.947053800170794;32.288642186165674;13.919726729291204;38.804440649017934;1.152860802732707;1.8872758326216907
2012;69205;12.422964644826468;33.60363282517029;12.682452156989946;38.33927992215374;0.8108984755108661;2.1407719753486862
2012;69206;9.846281678437888;38.097216452014955;24.013294557540508;24.47029497299543;1.2879102617366016;2.2850020772746156
2012;69207;11.125;29.25;14.9375;41.8125;1.1875;1.6875
2012;69208;12.189859762675297;32.25458468176915;15.426105717367852;35.49083063646171;2.26537216828479;2.373247033441208
2012;69209;10.209424083769633;32.72251308900523;30.36649214659686;21.20418848167539;0.7853403141361256;4.712041884816754
2012;69210;22.666666666666664;37.333333333333336;17.333333333333336;14.666666666666666;0.0;8.0
2012;69211;8.764044943820224;27.808988764044944;26.01123595505618;33.08988764044944;1.1797752808988764;3.146067415730337
2012;69212;15.867158671586715;29.88929889298893;18.45018450184502;32.47232472324723;1.107011070110701;2.214022140221402
2012;69213;13.200000000000001;29.799999999999997;14.399999999999999;39.2;0.8;2.6
2012;69214;10.879284649776453;29.508196721311474;29.657228017883757;25.48435171385991;1.3412816691505216;3.129657228017884
2012;69215;12.363636363636363;33.09090909090909;25.818181818181817;26.0;0.9090909090909091;1.8181818181818181
2012;69216;10.80332409972299;39.88919667590028;17.72853185595568;24.37673130193906;2.4930747922437675;4.7091412742382275
2012;69217;15.682656826568268;36.715867158671585;19.557195571955717;23.800738007380073;1.107011070110701;3.136531365313653
2012;69218;13.590604026845638;35.23489932885906;26.845637583892618;21.140939597315437;0.8389261744966443;2.348993288590604
2012;69219;12.77346506704305;32.67466478475653;14.396612561750178;36.41496118560339;1.9054340155257588;1.834862385321101
2012;69220;12.184115523465703;35.74007220216607;19.67509025270758;27.346570397111915;1.8050541516245486;3.2490974729241873
2012;69221;10.256410256410255;30.128205128205128;17.94871794871795;39.1025641025641;0.641025641025641;1.9230769230769231
2012;69222;16.315789473684212;28.24561403508772;16.666666666666664;34.21052631578947;2.280701754385965;2.280701754385965
2012;69223;11.699164345403899;36.211699164345404;22.42339832869081;25.62674094707521;0.6963788300835655;3.3426183844011144
2012;69224;18.75;35.41666666666667;14.583333333333334;31.25;0.0;0.0
2012;69225;12.266666666666666;32.0;21.6;29.333333333333332;2.666666666666667;2.1333333333333333
2012;69227;11.637403021641486;43.527970600245;15.92486729277256;25.030624744793794;1.1841567986933441;2.694977541853818
2012;69228;13.530655391120508;27.27272727272727;18.181818181818183;36.081747709654685;2.466525722339676;2.466525722339676
2012;69229;10.31578947368421;39.36842105263158;22.736842105263158;23.36842105263158;2.1052631578947367;2.1052631578947367
2012;69230;11.538461538461538;38.46153846153847;17.307692307692307;25.0;0.4807692307692308;7.211538461538461
2012;69231;11.372812920592194;24.293405114401075;18.23687752355316;41.386271870794076;1.8842530282637955;2.826379542395693
2012;69233;12.027972027972028;38.6013986013986;10.62937062937063;35.66433566433567;0.5594405594405595;2.5174825174825175
2012;69234;11.68421052631579;34.63157894736842;20.842105263157894;28.10526315789474;2.1052631578947367;2.631578947368421
2012;69235;10.379241516966067;30.738522954091817;18.562874251497004;36.72654690618762;1.7964071856287425;1.7964071856287425
2012;69236;6.25;27.187499999999996;25.3125;37.1875;2.5;1.5625
2012;69237;15.419501133786847;31.746031746031743;12.925170068027212;34.24036281179138;2.0408163265306123;3.6281179138321997
2012;69238;11.632453567937437;33.577712609970675;19.159335288367547;31.036168132942326;1.8084066471163247;2.785923753665689
2012;69239;10.7095046854083;37.34939759036144;20.481927710843372;25.301204819277107;2.14190093708166;4.016064257028113
2012;69240;9.048723897911833;34.106728538283065;28.538283062645007;24.129930394431554;1.3921113689095126;2.784222737819025
2012;69241;11.751982696467195;35.255948089401585;17.73612112472963;31.79524152847873;1.36986301369863;2.0908435472242246
2012;69242;7.459677419354839;35.28225806451613;26.209677419354836;24.798387096774192;2.4193548387096775;3.8306451612903225
2012;69243;8.156380234173447;24.985116094463187;22.20678706092479;40.42468743798373;1.7066878348878747;2.5203413375669776
2012;69244;12.517647058823531;42.70117647058824;12.150588235294117;29.63764705882353;0.9223529411764705;2.070588235294118
2012;69245;11.065573770491802;35.040983606557376;22.950819672131146;28.48360655737705;1.0245901639344261;1.4344262295081966
2012;69246;11.681643132220795;37.869062901155324;14.249037227214378;32.99101412066752;1.2836970474967908;1.9255455712451863
2012;69247;8.25242718446602;48.05825242718447;28.155339805825243;11.650485436893204;0.9708737864077669;2.912621359223301
2012;69248;15.004122011541632;29.101401483924157;20.527617477328935;32.234130255564715;1.5663643858202803;1.5663643858202803
2012;69249;11.781127861529871;36.96259073143495;19.15131211613624;28.475711892797317;1.0050251256281406;2.6242322724734786
2012;69250;11.9887730553328;45.70970328789094;11.9887730553328;27.987169206094624;0.5613472333600642;1.7642341619887731
2012;69251;13.924050632911392;25.31645569620253;31.645569620253166;22.78481012658228;3.79746835443038;2.5316455696202533
2012;69252;15.825688073394495;21.55963302752294;20.412844036697248;37.61467889908257;2.064220183486239;2.522935779816514
2012;69253;10.61320754716981;35.84905660377358;17.452830188679243;31.367924528301888;2.1226415094339623;2.5943396226415096
2012;69254;8.008658008658008;27.705627705627705;26.406926406926406;33.76623376623377;2.1645021645021645;1.948051948051948
2012;69255;13.17880794701987;36.35761589403973;14.47019867549669;31.72185430463576;1.0596026490066226;3.2119205298013243
2012;69256;4.57849853208444;14.42052285754229;13.833356633580316;64.10596952327695;1.6496574863693554;1.4119949671466518
2012;69257;8.850931677018634;29.347826086956523;28.26086956521739;28.726708074534162;0.7763975155279503;4.037267080745342
2012;69258;16.8141592920354;35.39823008849557;15.929203539823009;26.10619469026549;1.7699115044247788;3.982300884955752
2012;69259;5.631462333825701;15.320347119645493;16.248153618906944;59.31960856720827;2.026403249630724;1.4540251107828657
2012;69260;12.464589235127479;32.90165924726831;15.459328207203562;36.13921489275597;1.2545528126264671;1.7806556050182114
2012;69261;20.833333333333336;47.91666666666667;6.25;25.0;0.0;0.0
2012;69263;8.571428571428571;37.142857142857146;23.42857142857143;26.476190476190474;1.5238095238095237;2.857142857142857
2012;69264;9.349823321554771;29.159010600706715;18.706713780918726;39.63957597173145;1.2508833922261484;1.893992932862191
2012;69265;10.756972111553784;35.657370517928285;20.717131474103585;30.0796812749004;0.398406374501992;2.3904382470119523
2012;69266;9.235720820807737;24.078551823291072;13.408377989805253;50.11763168213306;1.445889426218795;1.7138282577440858
2012;69267;9.976057462090981;36.392657621707905;20.83000798084597;28.33200319233839;1.5163607342378291;2.9529130087789306
2012;69268;12.270531400966183;40.531400966183575;15.120772946859903;28.840579710144926;0.8695652173913043;2.3671497584541066
2012;69269;12.195121951219512;33.65853658536586;18.69918699186992;32.84552845528455;0.4878048780487805;2.113821138211382
2012;69270;11.15151515151515;37.37373737373738;19.91919191919192;29.13131313131313;0.8080808080808081;1.6161616161616161
2012;69271;11.138532411977623;35.324119776242185;17.09443896018427;33.399144455412966;1.0694307337940112;1.9743336623889436
2012;69272;11.419984973703983;30.390683696468823;16.56649135987979;38.20435762584523;1.5026296018031555;1.915852742299023
2012;69273;9.197990646111208;27.056989433570067;21.635198337086436;38.454876147583576;1.524337432877187;2.1306080027715226
2012;69275;7.972701726214372;26.085909273384182;20.16860698514653;42.38458450421517;1.453231633881975;1.9349658771577678
2012;69276;6.985374372407771;21.54551407989522;21.021611001964637;47.347740667976424;1.7900021829294912;1.309757694826457
2012;69277;11.608053007135576;35.652395514780835;18.170234454638123;31.14169215086646;1.337920489296636;2.089704383282365
2012;69278;10.722610722610723;33.133533133533135;19.647019647019647;33.3000333000333;0.999000999000999;2.197802197802198
2012;69279;8.090883901357717;32.14186755333888;23.524522028262677;33.38875034635633;1.2468827930174564;1.6070933776669436
2012;69280;7.171853856562922;31.25845737483085;28.010825439783492;28.68741542625169;1.6238159675236805;3.247631935047361
2012;69281;10.742971887550201;34.738955823293175;21.987951807228914;30.622489959839356;0.8032128514056224;1.104417670682731
2012;69282;8.620151164969704;27.95927290898869;18.533325004684865;41.632831532263104;1.3679805109625836;1.8864388781310513
2012;69283;8.480825958702065;27.182890855457227;23.27433628318584;37.46312684365782;1.3569321533923304;2.24188790560472
2012;69284;16.045548654244307;35.196687370600415;12.111801242236025;33.07453416149068;1.0869565217391304;2.484472049689441
2012;69285;7.1751128951329655;32.86502759658806;28.399397892624183;28.299046663321626;1.3547415955845459;1.9066733567486203
2012;69286;8.421294171638365;26.862475141502216;15.83295089490592;45.50252409362093;1.4609147927183723;1.9198409056141963
2012;69287;10.167865707434052;34.124700239808156;21.942446043165468;30.767386091127097;0.9112709832134293;2.086330935251799
2012;69288;8.788526090936832;35.550808666463226;24.62618248397925;27.403112602990543;1.098565761367104;2.5328043942630454
2012;69289;9.052483268756605;31.91264529764001;25.466713631560406;30.503698485382174;1.2680521310320536;1.7964071856287425
2012;69290;7.103499627699181;23.38049143708116;20.43186895011169;45.604368329610324;1.5735914619012161;1.906180193596426
2012;69291;9.393939393939393;28.82154882154882;22.087542087542086;35.72390572390572;1.6161616161616161;2.356902356902357
2012;69292;10.281627179257935;27.223960661600355;18.551631649530623;39.830129637907916;1.743406347787215;2.3692445239159587
2012;69293;10.954301075268818;39.045698924731184;16.129032258064516;29.70430107526882;1.14247311827957;3.024193548387097
2012;69294;10.305851063829788;29.388297872340424;19.215425531914892;37.433510638297875;1.795212765957447;1.8617021276595744
2012;69295;9.547244094488189;31.988188976377952;22.04724409448819;33.16929133858268;1.0826771653543308;2.1653543307086616
2012;69296;9.171075837742503;34.27395649617872;18.930041152263374;34.33274544385655;0.940623162845385;2.3515579071134627
2012;69297;10.831656606304493;30.918846411804157;18.443997317236754;36.65325285043595;1.0731052984574112;2.079141515761234
2012;69298;10.167310167310168;30.694980694980696;25.933075933075934;29.665379665379664;1.287001287001287;2.2522522522522523
2012;69299;8.281141266527488;30.549756437021575;31.454418928322898;25.81767571329158;1.3917884481558804;2.5052192066805845
2017;69001;22.90748898678414;20.26431718061674;33.03964757709251;13.656387665198238;2.2026431718061676;7.929515418502203
2017;69002;20.588235294117645;28.235294117647058;29.411764705882355;11.76470588235294;1.7647058823529411;8.235294117647058
2017;69003;26.36363636363636;25.984848484848484;18.106060606060606;21.666666666666668;1.4393939393939394;6.4393939393939394
2017;69004;27.500000000000004;16.666666666666664;24.444444444444443;20.0;0.8333333333333334;10.555555555555555
2017;69005;19.883040935672515;23.099415204678362;36.84210526315789;12.280701754385964;1.461988304093567;6.432748538011696
2017;69006;20.846905537459286;20.629750271444085;27.759681505609844;21.10025334781035;2.099167571480275;7.564241766196164
2017;69007;25.0;21.332518337408313;28.23960880195599;14.731051344743276;2.0171149144254277;8.679706601466993
2017;69008;18.090452261306535;28.643216080402013;23.869346733668344;19.34673366834171;0.5025125628140703;9.547738693467336
2017;69009;27.350427350427353;21.367521367521366;20.843672456575682;22.4703611800386;1.2958367797077475;6.672180865729254
2017;69010;26.93409742120344;15.504616364215218;17.95606494746896;30.18147086914995;1.5600127347978352;7.8637376631645965
2017;69012;19.858156028368796;21.04018912529551;29.78723404255319;20.56737588652482;1.6548463356973995;7.092198581560284
2017;69013;21.021611001964637;23.772102161100197;28.929273084479373;18.860510805500983;0.9332023575638507;6.4833005893909625
2017;69014;22.658610271903324;18.27794561933535;24.018126888217523;19.637462235649547;1.3595166163141994;14.04833836858006
2017;69015;21.052631578947366;26.31578947368421;5.263157894736842;32.631578947368425;4.2105263157894735;10.526315789473683
2017;69016;21.904761904761905;23.809523809523807;27.61904761904762;10.476190476190476;1.9047619047619049;14.285714285714285
2017;69017;23.060344827586206;24.353448275862068;21.120689655172413;20.689655172413794;2.3706896551724137;8.405172413793103
2017;69018;23.09257375381485;25.635808748728383;26.042726347914545;15.666327568667345;1.2207527975584944;8.341810783316378
2017;69019;23.23699421965318;19.710982658959537;26.676300578034684;21.30057803468208;1.5028901734104045;7.572254335260116
2017;69020;28.641975308641975;14.074074074074074;23.703703703703706;27.40740740740741;2.9629629629629632;3.2098765432098766
2017;69021;23.328380386329865;18.27637444279346;19.61367013372957;26.894502228826152;1.634472511144131;10.25260029717682
2017;69022;19.937694704049843;23.98753894080997;25.233644859813083;19.937694704049843;1.557632398753894;9.345794392523365
2017;69023;21.794871794871796;29.273504273504276;25.961538461538463;13.354700854700855;0.3205128205128205;9.294871794871796
2017;69024;27.77777777777778;22.941646682653875;20.623501199040767;20.023980815347723;1.4788169464428458;7.154276578737011
2017;69026;23.02405498281787;30.240549828178693;25.773195876288657;13.058419243986256;0.6872852233676976;7.216494845360824
2017;69027;28.798532558850503;24.273922347905838;16.080709263222257;23.127483949862427;1.5132986854173036;6.206053194741669
2017;69028;27.966331794732557;29.242465381482486;16.426825957100192;19.46782514254684;0.8417051316861255;6.054846592451805
2017;69029;27.66958094663853;19.222188724751284;16.183298160988848;29.924630690382877;1.320470304492011;5.679831172746458
2017;69030;17.092337917485263;25.93320235756385;24.95088408644401;19.25343811394892;1.5717092337917484;11.19842829076621
2017;69031;22.315202231520225;16.457461645746164;24.546722454672246;19.525801952580196;1.2552301255230125;15.899581589958158
2017;69032;22.415291051259775;24.500434404865334;25.716768027801912;18.33188531711555;1.3900955690703736;7.6455256298870555
2017;69033;28.236672524897482;35.969537199765675;15.582893966022263;13.181019332161686;0.7029876977152899;6.32688927943761
2017;69034;31.133817026574505;29.322113939810247;11.029064525823209;23.341776499377495;0.8800927317219767;4.293135276692569
2017;69035;29.249011857707508;19.367588932806324;16.600790513833992;24.90118577075099;1.9762845849802373;7.905138339920949
2017;69036;18.638573743922205;21.88006482982172;30.63209076175041;18.80064829821718;1.6207455429497568;8.427876823338735
2017;69037;18.58974358974359;18.803418803418804;29.059829059829063;21.794871794871796;1.4957264957264957;10.256410256410255
2017;69038;15.892857142857142;22.678571428571427;22.857142857142858;26.42857142857143;2.142857142857143;10.0
2017;69039;20.876288659793815;22.938144329896907;26.03092783505155;23.195876288659793;2.3195876288659796;4.639175257731959
2017;69040;28.893979057591622;33.21335078534031;13.448952879581153;17.801047120418847;0.8835078534031414;5.7591623036649215
